# Wavelength (um)   Reflected Flux
1.920000000000000373e+00 2.075317720490431830e-08
1.897005988023952483e+00 -6.275190940546053944e-09
1.874556213017751549e+00 -4.153702558639789316e-08
1.852631578947368629e+00 -4.200028686979264056e-08
1.831213872832369915e+00 1.928035247010879902e-08
1.810285714285714498e+00 9.254952106186888895e-08
1.789830508474576698e+00 3.171110252872956403e-08
1.769832402234637003e+00 -3.249012543391446867e-07
1.750276243093922934e+00 -9.792992602344830224e-07
1.731147540983607014e+00 -1.571882289468786953e-06
1.712432432432432705e+00 -1.117960846372789349e-06
1.694117647058823728e+00 2.810128714578423313e-06
1.676190476190476231e+00 1.709559174183427225e-05
1.658638743455497666e+00 6.260130039159272322e-05
1.641450777202072775e+00 1.854327278851296886e-04
1.624615384615384794e+00 -2.550151259079726164e-04
1.608121827411167715e+00 -7.931219010872212621e-03
1.591959798994975195e+00 -5.115971652279955283e-03
1.576119402985074691e+00 -4.588649996568386173e-03
1.560591133004926467e+00 -4.807697511138293682e-03
1.545365853658536626e+00 -5.371034180356341198e-03
1.530434782608695921e+00 -6.188834383149704500e-03
1.515789473684210797e+00 -7.243937258837960386e-03
1.501421800947867480e+00 -8.541138183567380249e-03
1.487323943661972070e+00 -1.009507996363919087e-02
1.473488372093023413e+00 -1.192800642505706388e-02
1.459907834101382695e+00 -1.406805146119841088e-02
1.446575342465753700e+00 -1.654500210373330282e-02
1.433484162895927616e+00 -1.938479647835652728e-02
1.420627802690583197e+00 -2.260600378289002316e-02
1.408000000000000140e+00 -2.622011465042053610e-02
1.395594713656387764e+00 -3.023400817600374602e-02
1.383406113537118065e+00 -3.465076290811241327e-02
1.371428571428571441e+00 -3.946643583768830177e-02
1.359656652360515139e+00 -4.466429375934490020e-02
1.348085106382978848e+00 -5.021075408269198154e-02
1.336708860759493689e+00 -5.605610633686610583e-02
1.325523012552301427e+00 -6.213886797705903131e-02
1.314522821576763700e+00 -6.838938783918113717e-02
1.303703703703703809e+00 -7.472932481502916890e-02
1.293061224489795880e+00 -8.106810546414477958e-02
1.282591093117408931e+00 -8.730108050202838033e-02
1.272289156626506212e+00 -9.331315499152555148e-02
1.262151394422311057e+00 -9.898689131489818438e-02
1.252173913043478359e+00 -1.042100488673109726e-01
1.242352941176470660e+00 -1.088783123877870157e-01
1.232684824902723797e+00 -1.128938698774495514e-01
1.223166023166023297e+00 -1.161647529256771283e-01
1.213793103448276067e+00 -1.186090809907470178e-01
1.204562737642585590e+00 -1.201632472999126233e-01
1.195471698113207637e+00 -1.207886495623400752e-01
1.186516853932584326e+00 -1.204721602373187012e-01
1.177695167286245459e+00 -1.192202362487959910e-01
1.169003690036900522e+00 -1.170492441506437026e-01
1.160439560439560758e+00 -1.139659509771256685e-01
1.152000000000000135e+00 -1.098797864259169199e-01
1.143682310469314123e+00 -1.040272740888646408e-01
1.135483870967741948e+00 -9.455011774787473733e-02
1.127402135231316826e+00 -9.137060044100729639e-02
1.119434628975265245e+00 -8.717875120705122216e-02
1.111578947368421222e+00 -8.156146119525932436e-02
1.103832752613240320e+00 -7.543513743350295508e-02
1.096193771626297719e+00 -6.912319077566103642e-02
1.088659793814433119e+00 -6.279725334327736219e-02
1.081228668941979665e+00 -5.657874012031630095e-02
1.073898305084745930e+00 -5.056271320551432996e-02
1.066666666666666652e+00 -4.482360922572606321e-02
1.059531772575250885e+00 -3.941759276685385255e-02
1.052491694352159612e+00 -3.438519445924133333e-02
1.045544554455445585e+00 -2.975391029287337633e-02
1.038688524590164031e+00 -2.553969126874776688e-02
1.031921824104234719e+00 -2.174732454415212110e-02
1.025242718446601975e+00 -1.837083253939804373e-02
1.018649517684887540e+00 -1.539494643249615137e-02
1.012140575079872429e+00 -1.279762480617797384e-02
1.005714285714285783e+00 -1.055264387917988732e-02
9.993690851735015368e-01 -8.631338230594254313e-03
9.931034482758620552e-01 -7.003415090797119637e-03
9.869158878504673549e-01 -5.637491718060974079e-03
9.808049535603716729e-01 -4.501979377526868845e-03
9.747692307692309432e-01 -3.566332248594814187e-03
9.688073394495412272e-01 -2.802169014395770354e-03
9.629179331306992884e-01 -2.183813298452515466e-03
9.570996978851964432e-01 -1.688249951020528777e-03
9.513513513513514042e-01 -1.294872425096285293e-03
9.456716417910449035e-01 -9.853789737819856811e-04
9.400593471810089197e-01 -7.438683515986429552e-04
9.345132743362833949e-01 -5.569244935754421102e-04
9.290322580645161699e-01 -4.134853144485402883e-04
9.236151603498543583e-01 -3.044932365089081882e-04
9.182608695652174635e-01 -2.224953637046910829e-04
9.129682997118154786e-01 -1.613555824943265795e-04
9.077363896848139602e-01 -1.161047929692037261e-04
9.025641025641025772e-01 -8.284056948531963243e-05
8.974504249291785918e-01 -5.858314572965123119e-05
8.923943661971831531e-01 -4.107547865435703780e-05
8.873949579831932333e-01 -2.858427132417011452e-05
8.824512534818943488e-01 -1.976002101151251401e-05
8.775623268698060642e-01 -1.356446512298103335e-05
8.727272727272727959e-01 -9.230253521136334841e-06
