# wavelength(um)  R_ey
4.499999999999999556e-01 4.444206612167740655e-02
4.523759239704329138e-01 3.145775089654648249e-02
4.547770700636942220e-01 1.307557079315231283e-02
4.572038420490928123e-01 1.485097553956125915e-02
4.596566523605149501e-01 1.766026051354081111e-02
4.621359223300970376e-01 2.926621237579589418e-02
4.646420824295010021e-01 4.042840314117961825e-02
4.671755725190838704e-01 4.549391736445495410e-02
4.697368421052630638e-01 5.171123571561729582e-02
4.723263506063946071e-01 4.599537972742615693e-02
4.749445676274944295e-01 3.898695600024373181e-02
4.775919732441471499e-01 4.494518146236942818e-02
4.802690582959641130e-01 4.989785808051103166e-02
4.829763246899661522e-01 5.227350047149051382e-02
4.857142857142856540e-01 5.021622760439917177e-02
4.884834663625997053e-01 4.162663052735287444e-02
4.912844036697248118e-01 4.498770081497614759e-02
4.941176470588235503e-01 5.187496700191527449e-02
4.969837587006960544e-01 6.839741205452309902e-02
4.998833138856476066e-01 2.737252366099542783e-02
5.028169014084505895e-01 3.391669677727657262e-02
5.057851239669420851e-01 4.162592803738728031e-02
5.087885985748218376e-01 5.388808827160597448e-02
5.118279569892473235e-01 2.569649305187154259e-02
5.149038461538461009e-01 5.231351137724799677e-02
5.180169286577992471e-01 6.526385445969611065e-02
5.211678832116788396e-01 8.754557837103907336e-02
5.243574051407587922e-01 8.007281259514108240e-02
5.275862068965516682e-01 1.477427621487751030e-01
5.308550185873605054e-01 2.618755010291103358e-01
5.341645885286782081e-01 4.258477953285854517e-02
5.375156838143035909e-01 4.255339441868814104e-02
5.409090909090908950e-01 4.509833009628965578e-02
5.443456162642947849e-01 1.846037551412781086e-02
5.478260869565216851e-01 2.801632852303368934e-02
5.513513513513512709e-01 5.028017639389218557e-02
5.549222797927459983e-01 2.882606902543346714e-02
5.585397653194262846e-01 8.310606974592642249e-02
5.622047244094487972e-01 8.289493201797795696e-02
5.659180977542932478e-01 1.172438767853458963e-01
5.696808510638297074e-01 1.249288821129440341e-01
5.734939759036145057e-01 9.555347247256690268e-02
5.773584905660377187e-01 1.125361875032747372e-01
5.812754409769335107e-01 1.049353677969181303e-01
5.852459016393442015e-01 9.032036635549639536e-02
5.892709766162310681e-01 7.288208597880077577e-02
5.933518005540164841e-01 7.585451332155339343e-02
5.974895397489539128e-01 6.594214449783415699e-02
6.016853932584268483e-01 7.909972559541157688e-02
6.059405940594059237e-01 1.006626456757580140e-01
6.102564102564101978e-01 1.402025045122106961e-01
6.146341463414632944e-01 1.326926733855468277e-01
6.190751445086705163e-01 2.235572630987134324e-01
6.235807860262008173e-01 2.181246628578521474e-01
6.281524926686216093e-01 2.763222821106057769e-01
6.327917282127030196e-01 2.614747995242461265e-01
6.374999999999999556e-01 2.470439837074701883e-01
6.422788605697150599e-01 2.087879170667210904e-01
6.471299093655588086e-01 1.802579775201999801e-01
6.520547945205479312e-01 1.499711726468898887e-01
6.570552147239263618e-01 1.197371997020869189e-01
6.621329211746521670e-01 1.359021157544182401e-01
6.672897196261682318e-01 1.521238214203252115e-01
6.725274725274724696e-01 1.730879648790428771e-01
6.778481012658227334e-01 2.060023704073888351e-01
6.832535885167463352e-01 2.455034920715649938e-01
6.887459807073954554e-01 2.478963292348902725e-01
6.943273905996757422e-01 2.022613452903355424e-01
6.999999999999998446e-01 3.960196453276451645e-01
7.057660626029652606e-01 3.213443653760694740e-01
7.116279069767441623e-01 2.865564146258649525e-01
7.175879396984923275e-01 1.248993375104145709e-01
7.236486486486485292e-01 1.124590478512980524e-01
7.298126064735945828e-01 1.056658164989710824e-01
7.360824742268040621e-01 3.572430167794406197e-02
7.424610051993066895e-01 1.929964153259748280e-02
7.489510489510489144e-01 6.082860932178079348e-03
7.555555555555554248e-01 1.132899937275042707e-01
7.622775800711742988e-01 8.565337747669185542e-02
7.691202872531416324e-01 1.300718394901569375e-01
7.760869565217390909e-01 1.076133741739188909e-01
7.831809872029249497e-01 1.322507596653228201e-01
7.904059040590404317e-01 9.389935075703757794e-02
7.977653631284914448e-01 7.362368376609859655e-02
8.052631578947367919e-01 4.741642251090918796e-03
8.129032258064515792e-01 4.504731956923721525e-02
8.206896551724137678e-01 2.435572514728187934e-02
8.286266924564795744e-01 4.287175364340643779e-02
8.367187499999998446e-01 1.263752217349655045e-02
8.449704142011832397e-01 1.650513765715911491e-02
8.533864541832667516e-01 1.274799870027823988e-02
8.619718309859154548e-01 8.817091846890723339e-03
8.707317073170730559e-01 1.589656914382886477e-01
8.796714579055440186e-01 2.003172839162325330e-02
8.887966804979251512e-01 1.871105417882584498e-01
8.981132075471697229e-01 5.708527280788493891e-02
9.076271186440677541e-01 8.752163540394854169e-02
9.173447537473232716e-01 4.638709278360001603e-02
9.272727272727271375e-01 1.036278888621825801e-02
9.374179431072208191e-01 6.710454603222797132e-02
9.477876106194688122e-01 1.372849280314323260e-02
9.583892617449664142e-01 1.105053368289432986e-01
9.692307692307691180e-01 1.203408908888609595e-02
9.803203661327229979e-01 5.675429388705244271e-03
9.916666666666664742e-01 2.511967128086652415e-02
1.003278688524590123e+00 2.425588968596155762e-02
1.015165876777251119e+00 2.313207253046494979e-02
1.027338129496402797e+00 1.804746619582109357e-02
1.039805825242718251e+00 8.797844660068346312e-02
1.052579852579852426e+00 5.439011157557444021e-02
1.065671641791044566e+00 3.668444762483922400e-02
1.079093198992443048e+00 2.116105637620082497e-02
1.092857142857142527e+00 6.112992996441441763e-03
1.106976744186046302e+00 1.130025332275630054e-02
1.121465968586387252e+00 5.671514150376297247e-03
1.136339522546418790e+00 3.905586505544950907e-03
1.151612903225806228e+00 5.828875190588342706e-03
1.167302452316075989e+00 7.262254190237798709e-03
1.183425414364640771e+00 1.057032107343539029e-02
1.199999999999999734e+00 1.378221781071618281e-02
